{
 "cells": [
  {
   "cell_type": "code",
   "execution_count": 1,
   "metadata": {},
   "outputs": [],
   "source": [
    "import pandas as pd\n",
    "from sklearn.preprocessing import StandardScaler\n",
    "import matplotlib.pyplot as plt\n",
    "from scipy import stats\n",
    "import pylab\n",
    "from sklearn.decomposition import PCA\n",
    "import seaborn as sns\n",
    "import statsmodels.api as sm\n",
    "from statsmodels.stats import diagnostic as diag\n",
    "from statsmodels.stats.outliers_influence import variance_inflation_factor\n",
    "from statsmodels.stats.stattools import durbin_watson\n",
    "\n",
    "from sklearn.linear_model import LinearRegression\n",
    "from sklearn.model_selection import train_test_split\n",
    "from sklearn.metrics import mean_squared_error, r2_score, mean_absolute_error"
   ]
  },
  {
   "cell_type": "code",
   "execution_count": 2,
   "metadata": {},
   "outputs": [],
   "source": [
    "df_lu = pd.read_csv(\"Luxembourg_new.csv\")\n",
    "df_de = pd.read_csv(\"Deutschland_new.csv\")\n",
    "df_be = pd.read_csv(\"Belgien_new.csv\")\n",
    "df_fr = pd.read_csv(\"Frankreich_new.csv\")\n",
    "\n",
    "\n",
    "df_lu = df_lu.drop(['stadt'], axis=1)\n",
    "df_de = df_de.drop(['stadt'], axis=1)\n",
    "df_be = df_be.drop(['stadt'], axis=1)\n",
    "df_fr = df_fr.drop(['stadt'], axis=1)"
   ]
  },
  {
   "cell_type": "code",
   "execution_count": 3,
   "metadata": {},
   "outputs": [
    {
     "data": {
      "text/html": [
       "<div>\n",
       "<style scoped>\n",
       "    .dataframe tbody tr th:only-of-type {\n",
       "        vertical-align: middle;\n",
       "    }\n",
       "\n",
       "    .dataframe tbody tr th {\n",
       "        vertical-align: top;\n",
       "    }\n",
       "\n",
       "    .dataframe thead th {\n",
       "        text-align: right;\n",
       "    }\n",
       "</style>\n",
       "<table border=\"1\" class=\"dataframe\">\n",
       "  <thead>\n",
       "    <tr style=\"text-align: right;\">\n",
       "      <th></th>\n",
       "      <th>baujahr</th>\n",
       "      <th>Bevölkerung</th>\n",
       "      <th>Distanz</th>\n",
       "      <th>kaufpreis</th>\n",
       "      <th>Wohnung</th>\n",
       "      <th>Haus</th>\n",
       "      <th>fläche_m2</th>\n",
       "      <th>schlafzimmer</th>\n",
       "      <th>badezimmer</th>\n",
       "      <th>parkplätze</th>\n",
       "      <th>garten</th>\n",
       "    </tr>\n",
       "  </thead>\n",
       "  <tbody>\n",
       "    <tr>\n",
       "      <th>baujahr</th>\n",
       "      <td>1.000000</td>\n",
       "      <td>-0.055426</td>\n",
       "      <td>-0.003947</td>\n",
       "      <td>-0.020277</td>\n",
       "      <td>0.193644</td>\n",
       "      <td>-0.193644</td>\n",
       "      <td>-0.164923</td>\n",
       "      <td>-0.221324</td>\n",
       "      <td>-0.064197</td>\n",
       "      <td>-0.142331</td>\n",
       "      <td>-0.070555</td>\n",
       "    </tr>\n",
       "    <tr>\n",
       "      <th>Bevölkerung</th>\n",
       "      <td>-0.055426</td>\n",
       "      <td>1.000000</td>\n",
       "      <td>-0.192081</td>\n",
       "      <td>-0.048601</td>\n",
       "      <td>0.142783</td>\n",
       "      <td>-0.142783</td>\n",
       "      <td>-0.140240</td>\n",
       "      <td>-0.134555</td>\n",
       "      <td>0.000684</td>\n",
       "      <td>-0.139880</td>\n",
       "      <td>-0.117012</td>\n",
       "    </tr>\n",
       "    <tr>\n",
       "      <th>Distanz</th>\n",
       "      <td>-0.003947</td>\n",
       "      <td>-0.192081</td>\n",
       "      <td>1.000000</td>\n",
       "      <td>-0.379278</td>\n",
       "      <td>-0.226573</td>\n",
       "      <td>0.226573</td>\n",
       "      <td>0.138906</td>\n",
       "      <td>0.166161</td>\n",
       "      <td>-0.029912</td>\n",
       "      <td>0.216195</td>\n",
       "      <td>0.120256</td>\n",
       "    </tr>\n",
       "    <tr>\n",
       "      <th>kaufpreis</th>\n",
       "      <td>-0.020277</td>\n",
       "      <td>-0.048601</td>\n",
       "      <td>-0.379278</td>\n",
       "      <td>1.000000</td>\n",
       "      <td>-0.336794</td>\n",
       "      <td>0.336794</td>\n",
       "      <td>0.596448</td>\n",
       "      <td>0.529277</td>\n",
       "      <td>0.478718</td>\n",
       "      <td>0.276490</td>\n",
       "      <td>0.206733</td>\n",
       "    </tr>\n",
       "    <tr>\n",
       "      <th>Wohnung</th>\n",
       "      <td>0.193644</td>\n",
       "      <td>0.142783</td>\n",
       "      <td>-0.226573</td>\n",
       "      <td>-0.336794</td>\n",
       "      <td>1.000000</td>\n",
       "      <td>-1.000000</td>\n",
       "      <td>-0.699029</td>\n",
       "      <td>-0.704079</td>\n",
       "      <td>-0.343540</td>\n",
       "      <td>-0.451972</td>\n",
       "      <td>-0.520768</td>\n",
       "    </tr>\n",
       "    <tr>\n",
       "      <th>Haus</th>\n",
       "      <td>-0.193644</td>\n",
       "      <td>-0.142783</td>\n",
       "      <td>0.226573</td>\n",
       "      <td>0.336794</td>\n",
       "      <td>-1.000000</td>\n",
       "      <td>1.000000</td>\n",
       "      <td>0.699029</td>\n",
       "      <td>0.704079</td>\n",
       "      <td>0.343540</td>\n",
       "      <td>0.451972</td>\n",
       "      <td>0.520768</td>\n",
       "    </tr>\n",
       "    <tr>\n",
       "      <th>fläche_m2</th>\n",
       "      <td>-0.164923</td>\n",
       "      <td>-0.140240</td>\n",
       "      <td>0.138906</td>\n",
       "      <td>0.596448</td>\n",
       "      <td>-0.699029</td>\n",
       "      <td>0.699029</td>\n",
       "      <td>1.000000</td>\n",
       "      <td>0.791151</td>\n",
       "      <td>0.555124</td>\n",
       "      <td>0.516524</td>\n",
       "      <td>0.371273</td>\n",
       "    </tr>\n",
       "    <tr>\n",
       "      <th>schlafzimmer</th>\n",
       "      <td>-0.221324</td>\n",
       "      <td>-0.134555</td>\n",
       "      <td>0.166161</td>\n",
       "      <td>0.529277</td>\n",
       "      <td>-0.704079</td>\n",
       "      <td>0.704079</td>\n",
       "      <td>0.791151</td>\n",
       "      <td>1.000000</td>\n",
       "      <td>0.499633</td>\n",
       "      <td>0.453135</td>\n",
       "      <td>0.372648</td>\n",
       "    </tr>\n",
       "    <tr>\n",
       "      <th>badezimmer</th>\n",
       "      <td>-0.064197</td>\n",
       "      <td>0.000684</td>\n",
       "      <td>-0.029912</td>\n",
       "      <td>0.478718</td>\n",
       "      <td>-0.343540</td>\n",
       "      <td>0.343540</td>\n",
       "      <td>0.555124</td>\n",
       "      <td>0.499633</td>\n",
       "      <td>1.000000</td>\n",
       "      <td>0.241569</td>\n",
       "      <td>0.207813</td>\n",
       "    </tr>\n",
       "    <tr>\n",
       "      <th>parkplätze</th>\n",
       "      <td>-0.142331</td>\n",
       "      <td>-0.139880</td>\n",
       "      <td>0.216195</td>\n",
       "      <td>0.276490</td>\n",
       "      <td>-0.451972</td>\n",
       "      <td>0.451972</td>\n",
       "      <td>0.516524</td>\n",
       "      <td>0.453135</td>\n",
       "      <td>0.241569</td>\n",
       "      <td>1.000000</td>\n",
       "      <td>0.319928</td>\n",
       "    </tr>\n",
       "    <tr>\n",
       "      <th>garten</th>\n",
       "      <td>-0.070555</td>\n",
       "      <td>-0.117012</td>\n",
       "      <td>0.120256</td>\n",
       "      <td>0.206733</td>\n",
       "      <td>-0.520768</td>\n",
       "      <td>0.520768</td>\n",
       "      <td>0.371273</td>\n",
       "      <td>0.372648</td>\n",
       "      <td>0.207813</td>\n",
       "      <td>0.319928</td>\n",
       "      <td>1.000000</td>\n",
       "    </tr>\n",
       "  </tbody>\n",
       "</table>\n",
       "</div>"
      ],
      "text/plain": [
       "               baujahr  Bevölkerung   Distanz  kaufpreis   Wohnung      Haus  \\\n",
       "baujahr       1.000000    -0.055426 -0.003947  -0.020277  0.193644 -0.193644   \n",
       "Bevölkerung  -0.055426     1.000000 -0.192081  -0.048601  0.142783 -0.142783   \n",
       "Distanz      -0.003947    -0.192081  1.000000  -0.379278 -0.226573  0.226573   \n",
       "kaufpreis    -0.020277    -0.048601 -0.379278   1.000000 -0.336794  0.336794   \n",
       "Wohnung       0.193644     0.142783 -0.226573  -0.336794  1.000000 -1.000000   \n",
       "Haus         -0.193644    -0.142783  0.226573   0.336794 -1.000000  1.000000   \n",
       "fläche_m2    -0.164923    -0.140240  0.138906   0.596448 -0.699029  0.699029   \n",
       "schlafzimmer -0.221324    -0.134555  0.166161   0.529277 -0.704079  0.704079   \n",
       "badezimmer   -0.064197     0.000684 -0.029912   0.478718 -0.343540  0.343540   \n",
       "parkplätze   -0.142331    -0.139880  0.216195   0.276490 -0.451972  0.451972   \n",
       "garten       -0.070555    -0.117012  0.120256   0.206733 -0.520768  0.520768   \n",
       "\n",
       "              fläche_m2  schlafzimmer  badezimmer  parkplätze    garten  \n",
       "baujahr       -0.164923     -0.221324   -0.064197   -0.142331 -0.070555  \n",
       "Bevölkerung   -0.140240     -0.134555    0.000684   -0.139880 -0.117012  \n",
       "Distanz        0.138906      0.166161   -0.029912    0.216195  0.120256  \n",
       "kaufpreis      0.596448      0.529277    0.478718    0.276490  0.206733  \n",
       "Wohnung       -0.699029     -0.704079   -0.343540   -0.451972 -0.520768  \n",
       "Haus           0.699029      0.704079    0.343540    0.451972  0.520768  \n",
       "fläche_m2      1.000000      0.791151    0.555124    0.516524  0.371273  \n",
       "schlafzimmer   0.791151      1.000000    0.499633    0.453135  0.372648  \n",
       "badezimmer     0.555124      0.499633    1.000000    0.241569  0.207813  \n",
       "parkplätze     0.516524      0.453135    0.241569    1.000000  0.319928  \n",
       "garten         0.371273      0.372648    0.207813    0.319928  1.000000  "
      ]
     },
     "metadata": {},
     "output_type": "display_data"
    }
   ],
   "source": [
    "corr = df_lu.corr()\n",
    "display(corr)"
   ]
  },
  {
   "cell_type": "markdown",
   "metadata": {},
   "source": [
    "Folgende Variablen haben einen geringen oder keinen Effekt auf den Kaufpreis:\n",
    "\n",
    "baujahr,Bevölkerung, garten\n",
    "\n",
    "Folgende Variablen sind nicht unabhängig:\n",
    "\n",
    "schlafzimmer/badezimmer/fläche\n",
    "\n",
    "Weitere problematische Variablen:\n",
    "\n",
    "Haus/Wohnung sagen das gleiche aus\n",
    "\n",
    "\n",
    "Lösung, Die Spalten Baujahr, Bevölkerung, Garten, Schlafzimmer und Wohnung entfernen"
   ]
  },
  {
   "cell_type": "code",
   "execution_count": 4,
   "metadata": {},
   "outputs": [],
   "source": [
    "df_lu = df_lu.drop(['baujahr', 'Bevölkerung', 'Wohnung', 'garten'], axis=1)"
   ]
  },
  {
   "cell_type": "code",
   "execution_count": 5,
   "metadata": {},
   "outputs": [
    {
     "data": {
      "text/html": [
       "<div>\n",
       "<style scoped>\n",
       "    .dataframe tbody tr th:only-of-type {\n",
       "        vertical-align: middle;\n",
       "    }\n",
       "\n",
       "    .dataframe tbody tr th {\n",
       "        vertical-align: top;\n",
       "    }\n",
       "\n",
       "    .dataframe thead th {\n",
       "        text-align: right;\n",
       "    }\n",
       "</style>\n",
       "<table border=\"1\" class=\"dataframe\">\n",
       "  <thead>\n",
       "    <tr style=\"text-align: right;\">\n",
       "      <th></th>\n",
       "      <th>baujahr</th>\n",
       "      <th>Bevölkerung</th>\n",
       "      <th>DistanzKöln</th>\n",
       "      <th>DistanzSaarbrücken</th>\n",
       "      <th>DistanzFrankfurt</th>\n",
       "      <th>DistanzLuxemburg</th>\n",
       "      <th>kaufpreis</th>\n",
       "      <th>fläche_m2</th>\n",
       "      <th>schlafzimmer</th>\n",
       "      <th>badezimmer</th>\n",
       "      <th>parkplätze</th>\n",
       "      <th>garten</th>\n",
       "      <th>Haus</th>\n",
       "      <th>Wohnung</th>\n",
       "    </tr>\n",
       "  </thead>\n",
       "  <tbody>\n",
       "    <tr>\n",
       "      <th>baujahr</th>\n",
       "      <td>1.000000</td>\n",
       "      <td>0.238308</td>\n",
       "      <td>0.324919</td>\n",
       "      <td>-0.219065</td>\n",
       "      <td>0.309598</td>\n",
       "      <td>-0.326221</td>\n",
       "      <td>0.290831</td>\n",
       "      <td>-0.235787</td>\n",
       "      <td>-0.179468</td>\n",
       "      <td>0.011552</td>\n",
       "      <td>-0.122148</td>\n",
       "      <td>-0.261110</td>\n",
       "      <td>-0.334806</td>\n",
       "      <td>0.230509</td>\n",
       "    </tr>\n",
       "    <tr>\n",
       "      <th>Bevölkerung</th>\n",
       "      <td>0.238308</td>\n",
       "      <td>1.000000</td>\n",
       "      <td>0.203536</td>\n",
       "      <td>-0.290345</td>\n",
       "      <td>-0.318870</td>\n",
       "      <td>0.094877</td>\n",
       "      <td>0.036547</td>\n",
       "      <td>-0.225295</td>\n",
       "      <td>-0.252042</td>\n",
       "      <td>-0.229434</td>\n",
       "      <td>-0.146320</td>\n",
       "      <td>-0.515363</td>\n",
       "      <td>-0.490572</td>\n",
       "      <td>0.439813</td>\n",
       "    </tr>\n",
       "    <tr>\n",
       "      <th>DistanzKöln</th>\n",
       "      <td>0.324919</td>\n",
       "      <td>0.203536</td>\n",
       "      <td>1.000000</td>\n",
       "      <td>-0.758581</td>\n",
       "      <td>0.256246</td>\n",
       "      <td>-0.041826</td>\n",
       "      <td>0.323300</td>\n",
       "      <td>0.058767</td>\n",
       "      <td>-0.112838</td>\n",
       "      <td>0.043758</td>\n",
       "      <td>-0.223071</td>\n",
       "      <td>-0.010630</td>\n",
       "      <td>0.072017</td>\n",
       "      <td>-0.029975</td>\n",
       "    </tr>\n",
       "    <tr>\n",
       "      <th>DistanzSaarbrücken</th>\n",
       "      <td>-0.219065</td>\n",
       "      <td>-0.290345</td>\n",
       "      <td>-0.758581</td>\n",
       "      <td>1.000000</td>\n",
       "      <td>0.106815</td>\n",
       "      <td>-0.366390</td>\n",
       "      <td>-0.131943</td>\n",
       "      <td>0.097455</td>\n",
       "      <td>0.102778</td>\n",
       "      <td>-0.025138</td>\n",
       "      <td>0.328908</td>\n",
       "      <td>0.066893</td>\n",
       "      <td>-0.043834</td>\n",
       "      <td>-0.006302</td>\n",
       "    </tr>\n",
       "    <tr>\n",
       "      <th>DistanzFrankfurt</th>\n",
       "      <td>0.309598</td>\n",
       "      <td>-0.318870</td>\n",
       "      <td>0.256246</td>\n",
       "      <td>0.106815</td>\n",
       "      <td>1.000000</td>\n",
       "      <td>-0.839522</td>\n",
       "      <td>-0.110793</td>\n",
       "      <td>-0.244850</td>\n",
       "      <td>-0.227127</td>\n",
       "      <td>-0.106235</td>\n",
       "      <td>0.038178</td>\n",
       "      <td>0.107516</td>\n",
       "      <td>0.060372</td>\n",
       "      <td>-0.093091</td>\n",
       "    </tr>\n",
       "    <tr>\n",
       "      <th>DistanzLuxemburg</th>\n",
       "      <td>-0.326221</td>\n",
       "      <td>0.094877</td>\n",
       "      <td>-0.041826</td>\n",
       "      <td>-0.366390</td>\n",
       "      <td>-0.839522</td>\n",
       "      <td>1.000000</td>\n",
       "      <td>0.208426</td>\n",
       "      <td>0.379847</td>\n",
       "      <td>0.361871</td>\n",
       "      <td>0.172074</td>\n",
       "      <td>-0.095642</td>\n",
       "      <td>0.123817</td>\n",
       "      <td>0.195430</td>\n",
       "      <td>-0.083370</td>\n",
       "    </tr>\n",
       "    <tr>\n",
       "      <th>kaufpreis</th>\n",
       "      <td>0.290831</td>\n",
       "      <td>0.036547</td>\n",
       "      <td>0.323300</td>\n",
       "      <td>-0.131943</td>\n",
       "      <td>-0.110793</td>\n",
       "      <td>0.208426</td>\n",
       "      <td>1.000000</td>\n",
       "      <td>0.543763</td>\n",
       "      <td>0.440265</td>\n",
       "      <td>0.248814</td>\n",
       "      <td>0.035863</td>\n",
       "      <td>0.100705</td>\n",
       "      <td>0.100693</td>\n",
       "      <td>-0.143976</td>\n",
       "    </tr>\n",
       "    <tr>\n",
       "      <th>fläche_m2</th>\n",
       "      <td>-0.235787</td>\n",
       "      <td>-0.225295</td>\n",
       "      <td>0.058767</td>\n",
       "      <td>0.097455</td>\n",
       "      <td>-0.244850</td>\n",
       "      <td>0.379847</td>\n",
       "      <td>0.543763</td>\n",
       "      <td>1.000000</td>\n",
       "      <td>0.667398</td>\n",
       "      <td>0.524481</td>\n",
       "      <td>0.153333</td>\n",
       "      <td>0.333249</td>\n",
       "      <td>0.421389</td>\n",
       "      <td>-0.417987</td>\n",
       "    </tr>\n",
       "    <tr>\n",
       "      <th>schlafzimmer</th>\n",
       "      <td>-0.179468</td>\n",
       "      <td>-0.252042</td>\n",
       "      <td>-0.112838</td>\n",
       "      <td>0.102778</td>\n",
       "      <td>-0.227127</td>\n",
       "      <td>0.361871</td>\n",
       "      <td>0.440265</td>\n",
       "      <td>0.667398</td>\n",
       "      <td>1.000000</td>\n",
       "      <td>0.610409</td>\n",
       "      <td>0.123521</td>\n",
       "      <td>0.281912</td>\n",
       "      <td>0.436323</td>\n",
       "      <td>-0.332861</td>\n",
       "    </tr>\n",
       "    <tr>\n",
       "      <th>badezimmer</th>\n",
       "      <td>0.011552</td>\n",
       "      <td>-0.229434</td>\n",
       "      <td>0.043758</td>\n",
       "      <td>-0.025138</td>\n",
       "      <td>-0.106235</td>\n",
       "      <td>0.172074</td>\n",
       "      <td>0.248814</td>\n",
       "      <td>0.524481</td>\n",
       "      <td>0.610409</td>\n",
       "      <td>1.000000</td>\n",
       "      <td>0.031806</td>\n",
       "      <td>0.084243</td>\n",
       "      <td>0.256751</td>\n",
       "      <td>-0.294196</td>\n",
       "    </tr>\n",
       "    <tr>\n",
       "      <th>parkplätze</th>\n",
       "      <td>-0.122148</td>\n",
       "      <td>-0.146320</td>\n",
       "      <td>-0.223071</td>\n",
       "      <td>0.328908</td>\n",
       "      <td>0.038178</td>\n",
       "      <td>-0.095642</td>\n",
       "      <td>0.035863</td>\n",
       "      <td>0.153333</td>\n",
       "      <td>0.123521</td>\n",
       "      <td>0.031806</td>\n",
       "      <td>1.000000</td>\n",
       "      <td>0.171610</td>\n",
       "      <td>0.173687</td>\n",
       "      <td>-0.170995</td>\n",
       "    </tr>\n",
       "    <tr>\n",
       "      <th>garten</th>\n",
       "      <td>-0.261110</td>\n",
       "      <td>-0.515363</td>\n",
       "      <td>-0.010630</td>\n",
       "      <td>0.066893</td>\n",
       "      <td>0.107516</td>\n",
       "      <td>0.123817</td>\n",
       "      <td>0.100705</td>\n",
       "      <td>0.333249</td>\n",
       "      <td>0.281912</td>\n",
       "      <td>0.084243</td>\n",
       "      <td>0.171610</td>\n",
       "      <td>1.000000</td>\n",
       "      <td>0.677953</td>\n",
       "      <td>-0.490099</td>\n",
       "    </tr>\n",
       "    <tr>\n",
       "      <th>Haus</th>\n",
       "      <td>-0.334806</td>\n",
       "      <td>-0.490572</td>\n",
       "      <td>0.072017</td>\n",
       "      <td>-0.043834</td>\n",
       "      <td>0.060372</td>\n",
       "      <td>0.195430</td>\n",
       "      <td>0.100693</td>\n",
       "      <td>0.421389</td>\n",
       "      <td>0.436323</td>\n",
       "      <td>0.256751</td>\n",
       "      <td>0.173687</td>\n",
       "      <td>0.677953</td>\n",
       "      <td>1.000000</td>\n",
       "      <td>-0.719788</td>\n",
       "    </tr>\n",
       "    <tr>\n",
       "      <th>Wohnung</th>\n",
       "      <td>0.230509</td>\n",
       "      <td>0.439813</td>\n",
       "      <td>-0.029975</td>\n",
       "      <td>-0.006302</td>\n",
       "      <td>-0.093091</td>\n",
       "      <td>-0.083370</td>\n",
       "      <td>-0.143976</td>\n",
       "      <td>-0.417987</td>\n",
       "      <td>-0.332861</td>\n",
       "      <td>-0.294196</td>\n",
       "      <td>-0.170995</td>\n",
       "      <td>-0.490099</td>\n",
       "      <td>-0.719788</td>\n",
       "      <td>1.000000</td>\n",
       "    </tr>\n",
       "  </tbody>\n",
       "</table>\n",
       "</div>"
      ],
      "text/plain": [
       "                     baujahr  Bevölkerung  DistanzKöln  DistanzSaarbrücken  \\\n",
       "baujahr             1.000000     0.238308     0.324919           -0.219065   \n",
       "Bevölkerung         0.238308     1.000000     0.203536           -0.290345   \n",
       "DistanzKöln         0.324919     0.203536     1.000000           -0.758581   \n",
       "DistanzSaarbrücken -0.219065    -0.290345    -0.758581            1.000000   \n",
       "DistanzFrankfurt    0.309598    -0.318870     0.256246            0.106815   \n",
       "DistanzLuxemburg   -0.326221     0.094877    -0.041826           -0.366390   \n",
       "kaufpreis           0.290831     0.036547     0.323300           -0.131943   \n",
       "fläche_m2          -0.235787    -0.225295     0.058767            0.097455   \n",
       "schlafzimmer       -0.179468    -0.252042    -0.112838            0.102778   \n",
       "badezimmer          0.011552    -0.229434     0.043758           -0.025138   \n",
       "parkplätze         -0.122148    -0.146320    -0.223071            0.328908   \n",
       "garten             -0.261110    -0.515363    -0.010630            0.066893   \n",
       "Haus               -0.334806    -0.490572     0.072017           -0.043834   \n",
       "Wohnung             0.230509     0.439813    -0.029975           -0.006302   \n",
       "\n",
       "                    DistanzFrankfurt  DistanzLuxemburg  kaufpreis  fläche_m2  \\\n",
       "baujahr                     0.309598         -0.326221   0.290831  -0.235787   \n",
       "Bevölkerung                -0.318870          0.094877   0.036547  -0.225295   \n",
       "DistanzKöln                 0.256246         -0.041826   0.323300   0.058767   \n",
       "DistanzSaarbrücken          0.106815         -0.366390  -0.131943   0.097455   \n",
       "DistanzFrankfurt            1.000000         -0.839522  -0.110793  -0.244850   \n",
       "DistanzLuxemburg           -0.839522          1.000000   0.208426   0.379847   \n",
       "kaufpreis                  -0.110793          0.208426   1.000000   0.543763   \n",
       "fläche_m2                  -0.244850          0.379847   0.543763   1.000000   \n",
       "schlafzimmer               -0.227127          0.361871   0.440265   0.667398   \n",
       "badezimmer                 -0.106235          0.172074   0.248814   0.524481   \n",
       "parkplätze                  0.038178         -0.095642   0.035863   0.153333   \n",
       "garten                      0.107516          0.123817   0.100705   0.333249   \n",
       "Haus                        0.060372          0.195430   0.100693   0.421389   \n",
       "Wohnung                    -0.093091         -0.083370  -0.143976  -0.417987   \n",
       "\n",
       "                    schlafzimmer  badezimmer  parkplätze    garten      Haus  \\\n",
       "baujahr                -0.179468    0.011552   -0.122148 -0.261110 -0.334806   \n",
       "Bevölkerung            -0.252042   -0.229434   -0.146320 -0.515363 -0.490572   \n",
       "DistanzKöln            -0.112838    0.043758   -0.223071 -0.010630  0.072017   \n",
       "DistanzSaarbrücken      0.102778   -0.025138    0.328908  0.066893 -0.043834   \n",
       "DistanzFrankfurt       -0.227127   -0.106235    0.038178  0.107516  0.060372   \n",
       "DistanzLuxemburg        0.361871    0.172074   -0.095642  0.123817  0.195430   \n",
       "kaufpreis               0.440265    0.248814    0.035863  0.100705  0.100693   \n",
       "fläche_m2               0.667398    0.524481    0.153333  0.333249  0.421389   \n",
       "schlafzimmer            1.000000    0.610409    0.123521  0.281912  0.436323   \n",
       "badezimmer              0.610409    1.000000    0.031806  0.084243  0.256751   \n",
       "parkplätze              0.123521    0.031806    1.000000  0.171610  0.173687   \n",
       "garten                  0.281912    0.084243    0.171610  1.000000  0.677953   \n",
       "Haus                    0.436323    0.256751    0.173687  0.677953  1.000000   \n",
       "Wohnung                -0.332861   -0.294196   -0.170995 -0.490099 -0.719788   \n",
       "\n",
       "                     Wohnung  \n",
       "baujahr             0.230509  \n",
       "Bevölkerung         0.439813  \n",
       "DistanzKöln        -0.029975  \n",
       "DistanzSaarbrücken -0.006302  \n",
       "DistanzFrankfurt   -0.093091  \n",
       "DistanzLuxemburg   -0.083370  \n",
       "kaufpreis          -0.143976  \n",
       "fläche_m2          -0.417987  \n",
       "schlafzimmer       -0.332861  \n",
       "badezimmer         -0.294196  \n",
       "parkplätze         -0.170995  \n",
       "garten             -0.490099  \n",
       "Haus               -0.719788  \n",
       "Wohnung             1.000000  "
      ]
     },
     "metadata": {},
     "output_type": "display_data"
    }
   ],
   "source": [
    "corr = df_de.corr()\n",
    "display(corr)"
   ]
  },
  {
   "cell_type": "markdown",
   "metadata": {},
   "source": [
    "Folgende Variablen haben einen geringen oder keinen Effekt auf den Kaufpreis:\n",
    "\n",
    "Bevölkerung,DistanzSaarbrücken,DistanzFrankfurt,parkplätze,garten,Haus,Wohnung\n",
    "\n",
    "Folgende Variablen sind nicht unabhängig:\n",
    "\n",
    "DistanzKöln/DistanzSaarbrücken\n",
    "DistanzLuxemburg/DistanzFrankfurt\n",
    "fläche_m2/schlafzimmer/badezimmer\n",
    "garten/bevölkerung\n",
    "garten/Haus\n",
    "\n",
    "Weitere problematische Variablen:\n",
    "\n",
    "Haus/Wohnung sagen das gleiche aus\n",
    "\n",
    "\n",
    "Lösung, Die Spalten Bevölkerung,DistanzSaarbrücken,DistanzFrankfurt,parkplätze,garten,Haus,Wohnung entfernen\n"
   ]
  },
  {
   "cell_type": "code",
   "execution_count": 6,
   "metadata": {},
   "outputs": [],
   "source": [
    "df_de = df_de.drop([ 'parkplätze', 'garten', 'schlafzimmer','Wohnung','Haus','DistanzSaarbrücken','DistanzFrankfurt'], axis=1)"
   ]
  },
  {
   "cell_type": "code",
   "execution_count": 7,
   "metadata": {},
   "outputs": [
    {
     "data": {
      "text/html": [
       "<div>\n",
       "<style scoped>\n",
       "    .dataframe tbody tr th:only-of-type {\n",
       "        vertical-align: middle;\n",
       "    }\n",
       "\n",
       "    .dataframe tbody tr th {\n",
       "        vertical-align: top;\n",
       "    }\n",
       "\n",
       "    .dataframe thead th {\n",
       "        text-align: right;\n",
       "    }\n",
       "</style>\n",
       "<table border=\"1\" class=\"dataframe\">\n",
       "  <thead>\n",
       "    <tr style=\"text-align: right;\">\n",
       "      <th></th>\n",
       "      <th>baujahr</th>\n",
       "      <th>Bevölkerung</th>\n",
       "      <th>DistanzNamur</th>\n",
       "      <th>DistanzMaastricht</th>\n",
       "      <th>DistanzBrüssel</th>\n",
       "      <th>DistanzLuxemburg</th>\n",
       "      <th>kaufpreis</th>\n",
       "      <th>fläche_m2</th>\n",
       "      <th>schlafzimmer</th>\n",
       "      <th>badezimmer</th>\n",
       "      <th>parkplätze</th>\n",
       "      <th>garten</th>\n",
       "      <th>Haus</th>\n",
       "      <th>Wohnung</th>\n",
       "    </tr>\n",
       "  </thead>\n",
       "  <tbody>\n",
       "    <tr>\n",
       "      <th>baujahr</th>\n",
       "      <td>1.000000</td>\n",
       "      <td>-0.001714</td>\n",
       "      <td>-0.023517</td>\n",
       "      <td>-0.098231</td>\n",
       "      <td>-0.064445</td>\n",
       "      <td>0.062162</td>\n",
       "      <td>-0.146003</td>\n",
       "      <td>-0.428229</td>\n",
       "      <td>-0.373506</td>\n",
       "      <td>-0.220223</td>\n",
       "      <td>0.078422</td>\n",
       "      <td>-0.216175</td>\n",
       "      <td>-0.442224</td>\n",
       "      <td>0.408917</td>\n",
       "    </tr>\n",
       "    <tr>\n",
       "      <th>Bevölkerung</th>\n",
       "      <td>-0.001714</td>\n",
       "      <td>1.000000</td>\n",
       "      <td>-0.085209</td>\n",
       "      <td>-0.225476</td>\n",
       "      <td>-0.135462</td>\n",
       "      <td>0.132368</td>\n",
       "      <td>-0.005618</td>\n",
       "      <td>-0.009767</td>\n",
       "      <td>-0.054311</td>\n",
       "      <td>-0.012655</td>\n",
       "      <td>0.003520</td>\n",
       "      <td>-0.040708</td>\n",
       "      <td>-0.073895</td>\n",
       "      <td>0.069785</td>\n",
       "    </tr>\n",
       "    <tr>\n",
       "      <th>DistanzNamur</th>\n",
       "      <td>-0.023517</td>\n",
       "      <td>-0.085209</td>\n",
       "      <td>1.000000</td>\n",
       "      <td>0.082594</td>\n",
       "      <td>0.874204</td>\n",
       "      <td>-0.501867</td>\n",
       "      <td>0.022409</td>\n",
       "      <td>0.025868</td>\n",
       "      <td>0.050316</td>\n",
       "      <td>0.066126</td>\n",
       "      <td>-0.150528</td>\n",
       "      <td>0.039247</td>\n",
       "      <td>0.035071</td>\n",
       "      <td>-0.007441</td>\n",
       "    </tr>\n",
       "    <tr>\n",
       "      <th>DistanzMaastricht</th>\n",
       "      <td>-0.098231</td>\n",
       "      <td>-0.225476</td>\n",
       "      <td>0.082594</td>\n",
       "      <td>1.000000</td>\n",
       "      <td>0.443713</td>\n",
       "      <td>-0.801157</td>\n",
       "      <td>0.051428</td>\n",
       "      <td>0.074378</td>\n",
       "      <td>0.085106</td>\n",
       "      <td>0.063272</td>\n",
       "      <td>-0.025577</td>\n",
       "      <td>0.012976</td>\n",
       "      <td>0.152693</td>\n",
       "      <td>-0.130984</td>\n",
       "    </tr>\n",
       "    <tr>\n",
       "      <th>DistanzBrüssel</th>\n",
       "      <td>-0.064445</td>\n",
       "      <td>-0.135462</td>\n",
       "      <td>0.874204</td>\n",
       "      <td>0.443713</td>\n",
       "      <td>1.000000</td>\n",
       "      <td>-0.798737</td>\n",
       "      <td>0.046738</td>\n",
       "      <td>0.054754</td>\n",
       "      <td>0.071745</td>\n",
       "      <td>0.095700</td>\n",
       "      <td>-0.125149</td>\n",
       "      <td>0.029942</td>\n",
       "      <td>0.078658</td>\n",
       "      <td>-0.048741</td>\n",
       "    </tr>\n",
       "    <tr>\n",
       "      <th>DistanzLuxemburg</th>\n",
       "      <td>0.062162</td>\n",
       "      <td>0.132368</td>\n",
       "      <td>-0.501867</td>\n",
       "      <td>-0.801157</td>\n",
       "      <td>-0.798737</td>\n",
       "      <td>1.000000</td>\n",
       "      <td>-0.049484</td>\n",
       "      <td>-0.038539</td>\n",
       "      <td>-0.044362</td>\n",
       "      <td>-0.076487</td>\n",
       "      <td>0.071189</td>\n",
       "      <td>-0.013010</td>\n",
       "      <td>-0.078779</td>\n",
       "      <td>0.051081</td>\n",
       "    </tr>\n",
       "    <tr>\n",
       "      <th>kaufpreis</th>\n",
       "      <td>-0.146003</td>\n",
       "      <td>-0.005618</td>\n",
       "      <td>0.022409</td>\n",
       "      <td>0.051428</td>\n",
       "      <td>0.046738</td>\n",
       "      <td>-0.049484</td>\n",
       "      <td>1.000000</td>\n",
       "      <td>0.709108</td>\n",
       "      <td>0.576360</td>\n",
       "      <td>0.447534</td>\n",
       "      <td>0.015753</td>\n",
       "      <td>0.125009</td>\n",
       "      <td>0.315378</td>\n",
       "      <td>-0.310386</td>\n",
       "    </tr>\n",
       "    <tr>\n",
       "      <th>fläche_m2</th>\n",
       "      <td>-0.428229</td>\n",
       "      <td>-0.009767</td>\n",
       "      <td>0.025868</td>\n",
       "      <td>0.074378</td>\n",
       "      <td>0.054754</td>\n",
       "      <td>-0.038539</td>\n",
       "      <td>0.709108</td>\n",
       "      <td>1.000000</td>\n",
       "      <td>0.716850</td>\n",
       "      <td>0.502049</td>\n",
       "      <td>-0.038375</td>\n",
       "      <td>0.201417</td>\n",
       "      <td>0.521173</td>\n",
       "      <td>-0.505891</td>\n",
       "    </tr>\n",
       "    <tr>\n",
       "      <th>schlafzimmer</th>\n",
       "      <td>-0.373506</td>\n",
       "      <td>-0.054311</td>\n",
       "      <td>0.050316</td>\n",
       "      <td>0.085106</td>\n",
       "      <td>0.071745</td>\n",
       "      <td>-0.044362</td>\n",
       "      <td>0.576360</td>\n",
       "      <td>0.716850</td>\n",
       "      <td>1.000000</td>\n",
       "      <td>0.571885</td>\n",
       "      <td>-0.056045</td>\n",
       "      <td>0.221232</td>\n",
       "      <td>0.597685</td>\n",
       "      <td>-0.575645</td>\n",
       "    </tr>\n",
       "    <tr>\n",
       "      <th>badezimmer</th>\n",
       "      <td>-0.220223</td>\n",
       "      <td>-0.012655</td>\n",
       "      <td>0.066126</td>\n",
       "      <td>0.063272</td>\n",
       "      <td>0.095700</td>\n",
       "      <td>-0.076487</td>\n",
       "      <td>0.447534</td>\n",
       "      <td>0.502049</td>\n",
       "      <td>0.571885</td>\n",
       "      <td>1.000000</td>\n",
       "      <td>0.032798</td>\n",
       "      <td>0.071176</td>\n",
       "      <td>0.170985</td>\n",
       "      <td>-0.182934</td>\n",
       "    </tr>\n",
       "    <tr>\n",
       "      <th>parkplätze</th>\n",
       "      <td>0.078422</td>\n",
       "      <td>0.003520</td>\n",
       "      <td>-0.150528</td>\n",
       "      <td>-0.025577</td>\n",
       "      <td>-0.125149</td>\n",
       "      <td>0.071189</td>\n",
       "      <td>0.015753</td>\n",
       "      <td>-0.038375</td>\n",
       "      <td>-0.056045</td>\n",
       "      <td>0.032798</td>\n",
       "      <td>1.000000</td>\n",
       "      <td>-0.048023</td>\n",
       "      <td>-0.169585</td>\n",
       "      <td>0.172403</td>\n",
       "    </tr>\n",
       "    <tr>\n",
       "      <th>garten</th>\n",
       "      <td>-0.216175</td>\n",
       "      <td>-0.040708</td>\n",
       "      <td>0.039247</td>\n",
       "      <td>0.012976</td>\n",
       "      <td>0.029942</td>\n",
       "      <td>-0.013010</td>\n",
       "      <td>0.125009</td>\n",
       "      <td>0.201417</td>\n",
       "      <td>0.221232</td>\n",
       "      <td>0.071176</td>\n",
       "      <td>-0.048023</td>\n",
       "      <td>1.000000</td>\n",
       "      <td>0.342111</td>\n",
       "      <td>-0.319081</td>\n",
       "    </tr>\n",
       "    <tr>\n",
       "      <th>Haus</th>\n",
       "      <td>-0.442224</td>\n",
       "      <td>-0.073895</td>\n",
       "      <td>0.035071</td>\n",
       "      <td>0.152693</td>\n",
       "      <td>0.078658</td>\n",
       "      <td>-0.078779</td>\n",
       "      <td>0.315378</td>\n",
       "      <td>0.521173</td>\n",
       "      <td>0.597685</td>\n",
       "      <td>0.170985</td>\n",
       "      <td>-0.169585</td>\n",
       "      <td>0.342111</td>\n",
       "      <td>1.000000</td>\n",
       "      <td>-0.910876</td>\n",
       "    </tr>\n",
       "    <tr>\n",
       "      <th>Wohnung</th>\n",
       "      <td>0.408917</td>\n",
       "      <td>0.069785</td>\n",
       "      <td>-0.007441</td>\n",
       "      <td>-0.130984</td>\n",
       "      <td>-0.048741</td>\n",
       "      <td>0.051081</td>\n",
       "      <td>-0.310386</td>\n",
       "      <td>-0.505891</td>\n",
       "      <td>-0.575645</td>\n",
       "      <td>-0.182934</td>\n",
       "      <td>0.172403</td>\n",
       "      <td>-0.319081</td>\n",
       "      <td>-0.910876</td>\n",
       "      <td>1.000000</td>\n",
       "    </tr>\n",
       "  </tbody>\n",
       "</table>\n",
       "</div>"
      ],
      "text/plain": [
       "                    baujahr  Bevölkerung  DistanzNamur  DistanzMaastricht  \\\n",
       "baujahr            1.000000    -0.001714     -0.023517          -0.098231   \n",
       "Bevölkerung       -0.001714     1.000000     -0.085209          -0.225476   \n",
       "DistanzNamur      -0.023517    -0.085209      1.000000           0.082594   \n",
       "DistanzMaastricht -0.098231    -0.225476      0.082594           1.000000   \n",
       "DistanzBrüssel    -0.064445    -0.135462      0.874204           0.443713   \n",
       "DistanzLuxemburg   0.062162     0.132368     -0.501867          -0.801157   \n",
       "kaufpreis         -0.146003    -0.005618      0.022409           0.051428   \n",
       "fläche_m2         -0.428229    -0.009767      0.025868           0.074378   \n",
       "schlafzimmer      -0.373506    -0.054311      0.050316           0.085106   \n",
       "badezimmer        -0.220223    -0.012655      0.066126           0.063272   \n",
       "parkplätze         0.078422     0.003520     -0.150528          -0.025577   \n",
       "garten            -0.216175    -0.040708      0.039247           0.012976   \n",
       "Haus              -0.442224    -0.073895      0.035071           0.152693   \n",
       "Wohnung            0.408917     0.069785     -0.007441          -0.130984   \n",
       "\n",
       "                   DistanzBrüssel  DistanzLuxemburg  kaufpreis  fläche_m2  \\\n",
       "baujahr                 -0.064445          0.062162  -0.146003  -0.428229   \n",
       "Bevölkerung             -0.135462          0.132368  -0.005618  -0.009767   \n",
       "DistanzNamur             0.874204         -0.501867   0.022409   0.025868   \n",
       "DistanzMaastricht        0.443713         -0.801157   0.051428   0.074378   \n",
       "DistanzBrüssel           1.000000         -0.798737   0.046738   0.054754   \n",
       "DistanzLuxemburg        -0.798737          1.000000  -0.049484  -0.038539   \n",
       "kaufpreis                0.046738         -0.049484   1.000000   0.709108   \n",
       "fläche_m2                0.054754         -0.038539   0.709108   1.000000   \n",
       "schlafzimmer             0.071745         -0.044362   0.576360   0.716850   \n",
       "badezimmer               0.095700         -0.076487   0.447534   0.502049   \n",
       "parkplätze              -0.125149          0.071189   0.015753  -0.038375   \n",
       "garten                   0.029942         -0.013010   0.125009   0.201417   \n",
       "Haus                     0.078658         -0.078779   0.315378   0.521173   \n",
       "Wohnung                 -0.048741          0.051081  -0.310386  -0.505891   \n",
       "\n",
       "                   schlafzimmer  badezimmer  parkplätze    garten      Haus  \\\n",
       "baujahr               -0.373506   -0.220223    0.078422 -0.216175 -0.442224   \n",
       "Bevölkerung           -0.054311   -0.012655    0.003520 -0.040708 -0.073895   \n",
       "DistanzNamur           0.050316    0.066126   -0.150528  0.039247  0.035071   \n",
       "DistanzMaastricht      0.085106    0.063272   -0.025577  0.012976  0.152693   \n",
       "DistanzBrüssel         0.071745    0.095700   -0.125149  0.029942  0.078658   \n",
       "DistanzLuxemburg      -0.044362   -0.076487    0.071189 -0.013010 -0.078779   \n",
       "kaufpreis              0.576360    0.447534    0.015753  0.125009  0.315378   \n",
       "fläche_m2              0.716850    0.502049   -0.038375  0.201417  0.521173   \n",
       "schlafzimmer           1.000000    0.571885   -0.056045  0.221232  0.597685   \n",
       "badezimmer             0.571885    1.000000    0.032798  0.071176  0.170985   \n",
